1000
0.000000,0.000000
0.000000,0.000000
13.682825,626.321641
66.612417,75.860581
0.000000,0.000000
293.225418,566.302255
452.473972,490.362227
450.378123,825.359767
0.000000,0.000000
662.958689,790.845346
0.000000,0.000000
0.000000,0.000000
464.496836,535.417960
149.376329,182.598932
0.000000,0.000000
186.567384,288.586234
0.000000,0.000000
25.901869,330.776713
0.000000,0.000000
66.513766,855.557766
0.000000,0.000000
0.000000,0.000000
412.717290,893.052061
0.000000,0.000000
208.110268,480.666374
558.556172,851.022079
0.000000,0.000000
264.210808,302.035822
319.325869,498.987083
0.000000,0.000000
0.000000,0.000000
0.000000,0.000000
112.610867,811.996706
708.315061,848.776499
0.000000,0.000000
0.000000,0.000000
0.000000,0.000000
0.000000,0.000000
158.425926,845.376329
0.000000,0.000000
411.088755,545.973825
460.087115,521.416328
0.000000,0.000000
0.000000,0.000000
278.554169,456.276015
225.043928,715.160009
427.777174,533.097858
0.000000,0.000000
0.000000,0.000000
331.840107,778.200673
604.739343,686.645146
0.000000,0.000000
0.000000,0.000000
0.000000,0.000000
507.656497,559.701132
0.000000,0.000000
781.800398,913.124078
314.525535,525.970359
0.000000,0.000000
186.395543,249.050005
0.000000,0.000000
148.355658,181.333664
0.000000,0.000000
0.000000,0.000000
0.000000,0.000000
0.000000,0.000000
454.899203,529.169960
184.011517,586.144283
0.000000,0.000000
0.000000,0.000000
0.000000,0.000000
599.148289,972.113183
0.000000,0.000000
0.000000,0.000000
0.000000,0.000000
0.000000,0.000000
0.000000,0.000000
0.000000,0.000000
0.000000,0.000000
55.938085,968.195522
439.480823,893.743524
0.000000,0.000000
672.296276,745.476929
0.000000,0.000000
0.000000,0.000000
0.000000,0.000000
0.000000,0.000000
69.564205,999.660823
0.000000,0.000000
307.619342,688.607526
0.000000,0.000000
102.443826,760.774713
365.205057,371.343755
0.000000,0.000000
876.844461,991.176099
0.000000,0.000000
0.000000,0.000000
413.447648,432.967566
448.751518,591.635261
18.234059,364.921188
657.554240,745.180311
189.513770,938.809747
0.000000,0.000000
240.855961,543.852501
560.288570,829.435514
113.094192,606.279777
0.000000,0.000000
245.288204,438.972446
0.000000,0.000000
0.000000,0.000000
363.513907,794.790382
0.000000,0.000000
0.000000,0.000000
0.000000,0.000000
435.148352,461.182883
135.718043,957.015052
293.491200,859.474979
0.000000,0.000000
0.000000,0.000000
787.558224,992.574294
0.000000,0.000000
800.437128,985.856409
15.309353,932.689700
262.994975,880.216022
0.000000,0.000000
0.000000,0.000000
0.000000,0.000000
0.000000,0.000000
0.000000,0.000000
338.837011,544.694558
545.525232,680.056129
157.122487,769.657000
0.000000,0.000000
478.570559,755.276183
0.000000,0.000000
77.815180,888.740345
0.000000,0.000000
0.000000,0.000000
623.168358,798.573596
0.000000,0.000000
0.000000,0.000000
0.000000,0.000000
430.155588,647.680045
0.000000,0.000000
315.815576,671.770787
0.000000,0.000000
0.000000,0.000000
0.000000,0.000000
209.113687,555.821971
0.000000,0.000000
0.000000,0.000000
120.392420,458.301299
62.538288,358.028626
0.000000,0.000000
0.000000,0.000000
0.000000,0.000000
382.071124,956.279551
389.194785,568.895000
743.408586,752.694288
174.442620,441.302357
0.000000,0.000000
0.000000,0.000000
0.000000,0.000000
0.000000,0.000000
0.000000,0.000000
0.000000,0.000000
0.000000,0.000000
0.000000,0.000000
683.650943,890.861436
354.215818,853.789197
0.000000,0.000000
248.590751,807.224451
0.000000,0.000000
428.304467,572.525536
314.199898,885.457673
380.090323,873.291421
14.430225,882.900196
249.101516,703.639046
0.000000,0.000000
483.667650,571.607475
0.000000,0.000000
0.000000,0.000000
0.000000,0.000000
0.000000,0.000000
285.242376,817.000730
0.000000,0.000000
228.422993,842.996029
17.115717,739.602546
0.000000,0.000000
0.000000,0.000000
0.000000,0.000000
213.087752,555.558587
0.000000,0.000000
179.824908,662.753465
93.351823,830.809306
0.000000,0.000000
247.304797,310.872990
460.277909,529.315536
0.000000,0.000000
310.796944,643.190231
119.718039,367.535938
0.000000,0.000000
0.000000,0.000000
0.000000,0.000000
186.433202,746.412166
0.000000,0.000000
448.706026,657.482073
648.238750,832.346234
228.377347,908.529198
112.139654,221.049293
0.000000,0.000000
0.000000,0.000000
0.000000,0.000000
270.123040,795.448094
0.000000,0.000000
212.720386,673.903786
0.000000,0.000000
335.888550,908.495867
0.000000,0.000000
0.000000,0.000000
268.607089,693.007856
171.721147,833.756243
261.565132,493.751923
0.000000,0.000000
0.000000,0.000000
0.862325,957.872088
171.781045,829.356700
0.000000,0.000000
0.000000,0.000000
13.987034,181.977029
0.000000,0.000000
0.000000,0.000000
0.000000,0.000000
177.016425,224.758974
0.000000,0.000000
0.000000,0.000000
291.395165,680.267734
0.000000,0.000000
699.613309,986.170131
0.000000,0.000000
0.000000,0.000000
25.094213,590.364323
0.000000,0.000000
751.760993,887.320037
0.000000,0.000000
0.000000,0.000000
396.654401,440.470225
0.000000,0.000000
0.000000,0.000000
496.229222,986.347237
727.069968,795.654894
0.000000,0.000000
0.000000,0.000000
0.000000,0.000000
157.267283,812.103474
477.866813,807.061622
684.045186,703.628220
0.000000,0.000000
339.691104,516.425207
258.799204,472.892619
0.000000,0.000000
0.000000,0.000000
0.000000,0.000000
0.000000,0.000000
13.694116,878.084857
158.511722,623.982528
187.560302,857.418940
68.441535,313.686631
0.000000,0.000000
179.408922,857.767915
0.000000,0.000000
0.000000,0.000000
220.278116,837.507053
0.000000,0.000000
0.000000,0.000000
437.180144,758.255640
391.383312,501.517198
0.000000,0.000000
179.512264,983.091804
0.000000,0.000000
189.526585,739.940605
0.000000,0.000000
0.000000,0.000000
53.926731,980.316291
153.141989,596.688578
0.000000,0.000000
0.000000,0.000000
0.000000,0.000000
595.962334,941.389705
0.000000,0.000000
0.000000,0.000000
0.000000,0.000000
464.556946,578.621324
0.000000,0.000000
0.000000,0.000000
0.000000,0.000000
0.000000,0.000000
23.742492,33.731813
513.779285,682.541644
0.000000,0.000000
144.916763,148.976397
0.000000,0.000000
296.765741,368.348515
0.000000,0.000000
234.433513,440.366828
0.000000,0.000000
480.110838,706.604531
459.979398,885.838152
0.000000,0.000000
0.000000,0.000000
62.887763,764.578021
0.000000,0.000000
569.383186,677.388914
673.745542,926.684807
0.000000,0.000000
423.029780,948.164487
107.025435,982.822794
0.000000,0.000000
0.000000,0.000000
492.994886,839.768636
0.000000,0.000000
147.777444,460.357335
0.000000,0.000000
0.000000,0.000000
6.014810,854.194387
0.000000,0.000000
8.273561,431.139515
0.000000,0.000000
36.224961,867.785254
873.042364,952.892635
0.000000,0.000000
132.845128,269.509366
333.302417,531.254564
316.493954,440.828565
82.707668,300.900483
423.164439,423.407811
455.186937,828.033100
216.312438,683.303162
0.000000,0.000000
0.000000,0.000000
0.000000,0.000000
0.000000,0.000000
0.000000,0.000000
0.000000,0.000000
378.320059,688.464461
429.945526,860.645888
0.000000,0.000000
0.000000,0.000000
612.124058,794.105040
0.000000,0.000000
328.545952,622.130217
0.000000,0.000000
0.000000,0.000000
5.909778,940.627894
595.141013,918.745229
0.000000,0.000000
0.000000,0.000000
390.266236,679.377645
393.457375,828.495133
637.280700,761.601809
228.055242,609.107894
0.000000,0.000000
331.258123,358.176588
78.406705,844.450222
373.133436,625.978822
389.381181,886.379400
278.893739,507.467416
0.000000,0.000000
0.000000,0.000000
148.336399,631.915628
0.000000,0.000000
0.000000,0.000000
0.000000,0.000000
839.741821,920.796659
0.000000,0.000000
0.000000,0.000000
0.000000,0.000000
547.071382,577.377216
7.525118,80.053599
308.337664,327.670263
2.014202,800.133675
18.695977,260.889744
0.000000,0.000000
0.000000,0.000000
0.000000,0.000000
0.000000,0.000000
0.000000,0.000000
186.988944,565.915060
0.000000,0.000000
0.000000,0.000000
0.000000,0.000000
0.000000,0.000000
881.161840,991.664528
392.235746,558.116978
0.000000,0.000000
277.199919,624.004261
844.236373,998.363840
678.639995,811.877988
141.106637,363.797173
0.000000,0.000000
389.063810,427.141764
311.052423,607.263239
0.000000,0.000000
222.340128,725.995776
58.866942,389.126193
117.582740,142.369158
232.537993,802.072508
919.240253,932.021685
0.000000,0.000000
443.786830,460.007368
637.965809,849.339887
0.000000,0.000000
0.000000,0.000000
0.000000,0.000000
0.000000,0.000000
0.000000,0.000000
345.142758,480.325437
0.000000,0.000000
0.000000,0.000000
286.625110,347.417931
0.000000,0.000000
0.000000,0.000000
0.000000,0.000000
0.000000,0.000000
0.000000,0.000000
0.000000,0.000000
0.000000,0.000000
0.000000,0.000000
586.086226,941.196653
43.498857,88.220375
42.394097,723.454300
318.682883,352.270448
455.992875,831.948600
0.000000,0.000000
0.000000,0.000000
452.198644,588.766668
286.707859,623.487322
0.000000,0.000000
0.000000,0.000000
257.088860,416.030169
41.785077,180.441169
0.000000,0.000000
166.472239,985.018746
0.000000,0.000000
141.625673,949.066648
0.000000,0.000000
0.000000,0.000000
10.152400,26.633016
0.000000,0.000000
0.000000,0.000000
0.000000,0.000000
0.000000,0.000000
503.986458,856.317604
346.711085,762.709976
0.000000,0.000000
484.515592,555.533174
197.797261,379.093680
689.806847,931.644465
678.014855,779.392381
0.000000,0.000000
346.465065,395.209596
423.089387,571.954616
138.262988,182.716181
0.000000,0.000000
658.638395,832.704698
233.673689,556.156467
0.000000,0.000000
473.266687,789.800201
609.284269,836.590920
0.000000,0.000000
518.761655,940.715182
0.000000,0.000000
314.269247,809.402755
681.822297,856.304551
67.421979,134.820451
184.857609,661.878431
0.000000,0.000000
0.000000,0.000000
0.000000,0.000000
488.976766,773.199833
0.000000,0.000000
0.000000,0.000000
930.054333,977.098044
0.000000,0.000000
0.000000,0.000000
0.000000,0.000000
0.000000,0.000000
0.000000,0.000000
1.651266,21.889427
0.000000,0.000000
0.000000,0.000000
0.000000,0.000000
142.594856,794.818381
0.000000,0.000000
0.000000,0.000000
384.053720,946.509782
0.000000,0.000000
271.861360,649.408389
0.000000,0.000000
192.491922,325.711502
155.323212,833.411346
155.294358,175.188459
179.718005,589.690682
0.000000,0.000000
671.398251,855.800445
0.000000,0.000000
190.956825,932.343226
0.000000,0.000000
105.143746,740.289073
0.000000,0.000000
0.000000,0.000000
131.107832,186.660661
118.625723,846.065972
269.836977,436.525767
670.712959,926.922308
235.901642,877.398776
0.000000,0.000000
595.581769,834.106716
53.568540,668.150570
126.496272,178.671410
0.000000,0.000000
194.610540,595.440126
0.000000,0.000000
0.000000,0.000000
258.922916,892.677076
342.248181,883.317640
0.000000,0.000000
0.000000,0.000000
585.080966,882.024165
0.000000,0.000000
387.473678,450.825057
258.605333,754.823083
832.051779,858.223407
180.340870,484.754997
411.132862,963.099517
120.382666,148.615670
0.000000,0.000000
651.900738,686.517626
0.000000,0.000000
0.000000,0.000000
0.000000,0.000000
763.112050,817.196049
128.539289,956.689241
142.883794,558.686657
125.816056,940.630082
923.736631,964.204755
0.000000,0.000000
0.000000,0.000000
0.000000,0.000000
0.000000,0.000000
287.426006,720.233927
52.219531,249.580283
575.457377,841.371980
466.672674,587.345103
0.000000,0.000000
0.000000,0.000000
0.000000,0.000000
672.193322,838.366570
100.358695,381.398833
381.295396,403.151790
308.631824,620.950262
0.000000,0.000000
60.893057,485.523834
542.662808,771.298831
500.249186,521.119752
91.127191,840.558308
0.000000,0.000000
0.000000,0.000000
230.355304,614.504597
455.931127,868.930252
426.686664,782.229477
0.000000,0.000000
0.000000,0.000000
0.000000,0.000000
0.000000,0.000000
460.681276,477.366976
253.537222,811.867052
0.000000,0.000000
76.350483,603.652383
0.000000,0.000000
520.090477,625.067547
142.891586,888.232489
396.694207,399.780483
0.000000,0.000000
0.000000,0.000000
132.185961,826.931203
0.000000,0.000000
0.000000,0.000000
228.832046,823.160735
0.000000,0.000000
489.242286,790.380245
0.000000,0.000000
496.922878,726.955759
0.000000,0.000000
310.936674,985.202588
70.538993,826.915624
659.246244,829.023622
0.000000,0.000000
181.035627,864.083993
0.000000,0.000000
583.977808,682.380887
0.000000,0.000000
238.698112,409.979612
0.000000,0.000000
0.000000,0.000000
0.000000,0.000000
75.730027,435.381512
781.368968,843.524891
547.182209,754.088680
0.000000,0.000000
0.000000,0.000000
20.658603,371.676050
0.000000,0.000000
0.000000,0.000000
0.000000,0.000000
0.000000,0.000000
450.588747,615.973242
0.000000,0.000000
0.000000,0.000000
0.000000,0.000000
244.135441,587.875064
0.000000,0.000000
0.000000,0.000000
20.350964,495.094568
0.000000,0.000000
0.000000,0.000000
0.000000,0.000000
2.442245,664.362585
166.638145,971.140885
0.000000,0.000000
0.000000,0.000000
27.743146,420.278682
0.000000,0.000000
360.772786,684.606494
6.971020,450.398769
0.000000,0.000000
0.000000,0.000000
0.000000,0.000000
476.088942,602.882444
13.098493,605.844584
0.000000,0.000000
539.103607,761.710048
0.000000,0.000000
0.000000,0.000000
468.184834,902.439641
0.000000,0.000000
0.000000,0.000000
197.610144,509.427891
0.000000,0.000000
706.711860,763.267371
0.000000,0.000000
124.873667,848.025700
0.000000,0.000000
0.000000,0.000000
456.236933,896.735225
0.000000,0.000000
280.517181,404.718313
196.560604,789.751553
514.185355,932.367224
0.000000,0.000000
0.000000,0.000000
0.000000,0.000000
0.000000,0.000000
0.000000,0.000000
0.000000,0.000000
0.000000,0.000000
0.000000,0.000000
0.000000,0.000000
0.000000,0.000000
0.000000,0.000000
0.000000,0.000000
0.000000,0.000000
0.000000,0.000000
0.000000,0.000000
0.000000,0.000000
0.000000,0.000000
0.000000,0.000000
0.000000,0.000000
0.000000,0.000000
0.000000,0.000000
0.000000,0.000000
0.000000,0.000000
0.000000,0.000000
0.000000,0.000000
0.000000,0.000000
0.000000,0.000000
0.000000,0.000000
0.000000,0.000000
0.000000,0.000000
0.000000,0.000000
0.000000,0.000000
0.000000,0.000000
0.000000,0.000000
0.000000,0.000000
0.000000,0.000000
0.000000,0.000000
0.000000,0.000000
0.000000,0.000000
0.000000,0.000000
0.000000,0.000000
0.000000,0.000000
0.000000,0.000000
0.000000,0.000000
0.000000,0.000000
0.000000,0.000000
0.000000,0.000000
0.000000,0.000000
0.000000,0.000000
0.000000,0.000000
0.000000,0.000000
0.000000,0.000000
0.000000,0.000000
0.000000,0.000000
0.000000,0.000000
0.000000,0.000000
0.000000,0.000000
0.000000,0.000000
0.000000,0.000000
0.000000,0.000000
0.000000,0.000000
0.000000,0.000000
0.000000,0.000000
0.000000,0.000000
0.000000,0.000000
0.000000,0.000000
0.000000,0.000000
0.000000,0.000000
0.000000,0.000000
0.000000,0.000000
0.000000,0.000000
0.000000,0.000000
0.000000,0.000000
0.000000,0.000000
0.000000,0.000000
0.000000,0.000000
0.000000,0.000000
0.000000,0.000000
0.000000,0.000000
0.000000,0.000000
0.000000,0.000000
0.000000,0.000000
0.000000,0.000000
0.000000,0.000000
0.000000,0.000000
0.000000,0.000000
0.000000,0.000000
0.000000,0.000000
0.000000,0.000000
0.000000,0.000000
0.000000,0.000000
0.000000,0.000000
0.000000,0.000000
0.000000,0.000000
0.000000,0.000000
0.000000,0.000000
0.000000,0.000000
0.000000,0.000000
0.000000,0.000000
0.000000,0.000000
0.000000,0.000000
0.000000,0.000000
0.000000,0.000000
0.000000,0.000000
0.000000,0.000000
0.000000,0.000000
0.000000,0.000000
0.000000,0.000000
0.000000,0.000000
0.000000,0.000000
0.000000,0.000000
0.000000,0.000000
0.000000,0.000000
0.000000,0.000000
0.000000,0.000000
0.000000,0.000000
0.000000,0.000000
0.000000,0.000000
0.000000,0.000000
0.000000,0.000000
0.000000,0.000000
0.000000,0.000000
0.000000,0.000000
0.000000,0.000000
0.000000,0.000000
0.000000,0.000000
0.000000,0.000000
0.000000,0.000000
0.000000,0.000000
0.000000,0.000000
0.000000,0.000000
0.000000,0.000000
0.000000,0.000000
0.000000,0.000000
0.000000,0.000000
0.000000,0.000000
0.000000,0.000000
0.000000,0.000000
0.000000,0.000000
0.000000,0.000000
0.000000,0.000000
0.000000,0.000000
0.000000,0.000000
0.000000,0.000000
0.000000,0.000000
0.000000,0.000000
0.000000,0.000000
0.000000,0.000000
0.000000,0.000000
0.000000,0.000000
0.000000,0.000000
0.000000,0.000000
0.000000,0.000000
0.000000,0.000000
0.000000,0.000000
0.000000,0.000000
0.000000,0.000000
0.000000,0.000000
0.000000,0.000000
0.000000,0.000000
0.000000,0.000000
0.000000,0.000000
0.000000,0.000000
0.000000,0.000000
0.000000,0.000000
0.000000,0.000000
0.000000,0.000000
0.000000,0.000000
0.000000,0.000000
0.000000,0.000000
0.000000,0.000000
0.000000,0.000000
0.000000,0.000000
0.000000,0.000000
0.000000,0.000000
0.000000,0.000000
0.000000,0.000000
0.000000,0.000000
0.000000,0.000000
0.000000,0.000000
0.000000,0.000000
0.000000,0.000000
0.000000,0.000000
0.000000,0.000000
0.000000,0.000000
0.000000,0.000000
0.000000,0.000000
0.000000,0.000000
0.000000,0.000000
0.000000,0.000000
0.000000,0.000000
0.000000,0.000000
0.000000,0.000000
0.000000,0.000000
0.000000,0.000000
0.000000,0.000000
0.000000,0.000000
0.000000,0.000000
0.000000,0.000000
0.000000,0.000000
0.000000,0.000000
0.000000,0.000000
0.000000,0.000000
0.000000,0.000000
0.000000,0.000000
0.000000,0.000000
0.000000,0.000000
0.000000,0.000000
0.000000,0.000000
0.000000,0.000000
0.000000,0.000000
0.000000,0.000000
0.000000,0.000000
0.000000,0.000000
0.000000,0.000000
0.000000,0.000000
0.000000,0.000000
0.000000,0.000000
0.000000,0.000000
0.000000,0.000000
0.000000,0.000000
0.000000,0.000000
0.000000,0.000000
0.000000,0.000000
0.000000,0.000000
0.000000,0.000000
0.000000,0.000000
0.000000,0.000000
0.000000,0.000000
0.000000,0.000000
0.000000,0.000000
0.000000,0.000000
0.000000,0.000000
0.000000,0.000000
0.000000,0.000000
0.000000,0.000000
0.000000,0.000000
0.000000,0.000000
0.000000,0.000000
0.000000,0.000000
0.000000,0.000000
0.000000,0.000000
0.000000,0.000000
0.000000,0.000000
0.000000,0.000000
0.000000,0.000000
0.000000,0.000000
0.000000,0.000000
0.000000,0.000000
0.000000,0.000000
0.000000,0.000000
0.000000,0.000000
0.000000,0.000000
0.000000,0.000000
0.000000,0.000000
0.000000,0.000000
0.000000,0.000000
0.000000,0.000000
0.000000,0.000000
0.000000,0.000000
0.000000,0.000000
0.000000,0.000000
0.000000,0.000000
0.000000,0.000000
0.000000,0.000000
0.000000,0.000000
0.000000,0.000000
0.000000,0.000000
0.000000,0.000000
0.000000,0.000000
0.000000,0.000000
0.000000,0.000000
0.000000,0.000000
0.000000,0.000000
0.000000,0.000000
0.000000,0.000000
0.000000,0.000000
0.000000,0.000000
0.000000,0.000000
0.000000,0.000000
0.000000,0.000000
0.000000,0.000000
0.000000,0.000000
0.000000,0.000000
0.000000,0.000000
0.000000,0.000000
0.000000,0.000000
0.000000,0.000000
0.000000,0.000000
0.000000,0.000000
0.000000,0.000000
0.000000,0.000000
0.000000,0.000000
0.000000,0.000000
0.000000,0.000000
0.000000,0.000000
0.000000,0.000000
0.000000,0.000000
0.000000,0.000000
0.000000,0.000000
0.000000,0.000000
0.000000,0.000000
0.000000,0.000000
0.000000,0.000000
0.000000,0.000000
0.000000,0.000000
0.000000,0.000000
0.000000,0.000000
0.000000,0.000000
0.000000,0.000000
0.000000,0.000000
0.000000,0.000000
0.000000,0.000000
0.000000,0.000000
0.000000,0.000000
0.000000,0.000000
0.000000,0.000000
0.000000,0.000000
0.000000,0.000000
0.000000,0.000000
0.000000,0.000000
0.000000,0.000000
0.000000,0.000000
0.000000,0.000000
0.000000,0.000000
0.000000,0.000000
0.000000,0.000000
0.000000,0.000000
0.000000,0.000000
0.000000,0.000000
0.000000,0.000000
0.000000,0.000000
0.000000,0.000000
0.000000,0.000000
0.000000,0.000000
0.000000,0.000000
0.000000,0.000000
0.000000,0.000000
0.000000,0.000000
0.000000,0.000000
0.000000,0.000000
